Optimization terminated successfully.
         Current function value: 0.500215
         Iterations 7
                             Results: Logit
========================================================================
Model:                 Logit              Pseudo R-squared:   0.278     
Dependent Variable:    Result             AIC:                456.1686  
Date:                  2021-01-14 02:18   BIC:                583.2490  
No. Observations:      392                Log-Likelihood:     -196.08   
Df Model:              31                 LL-Null:            -271.71   
Df Residuals:          360                LLR p-value:        9.1532e-18
Converged:             1.0000             Scale:              1.0000    
No. Iterations:        7.0000                                           
------------------------------------------------------------------------
                          Coef.  Std.Err.    z    P>|z|   [0.025  0.975]
------------------------------------------------------------------------
school_Anna University   -3.7541   0.8245 -4.5532 0.0000 -5.3701 -2.1381
school_Madras University -3.4786   0.9243 -3.7635 0.0002 -5.2901 -1.6670
sex_female                0.7818   0.6785  1.1522 0.2493 -0.5481  2.1117
sex_male                  0.3927   0.6632  0.5922 0.5537 -0.9071  1.6926
address_0                -1.2441   0.7079 -1.7575 0.0788 -2.6314  0.1433
address_1                -0.8017   0.6923 -1.1581 0.2468 -2.1587  0.5552
famsize_0                 1.3397   0.7008  1.9116 0.0559 -0.0339  2.7132
famsize_1                 1.7658   0.7431  2.3763 0.0175  0.3093  3.2222
Pstatus_0                -1.2347   0.8922 -1.3839 0.1664 -2.9834  0.5140
Pstatus_1                -2.2237   0.6624 -3.3569 0.0008 -3.5220 -0.9253
traveltime_1              0.8433   0.6255  1.3482 0.1776 -0.3827  2.0692
traveltime_2              0.7420   0.6659  1.1143 0.2651 -0.5631  2.0472
traveltime_3              1.0321   0.8153  1.2658 0.2056 -0.5660  2.6302
traveltime_4              1.5993   1.3301  1.2024 0.2292 -1.0076  4.2062
studytime_1               2.7020   0.7698  3.5099 0.0004  1.1932  4.2108
studytime_2               2.5356   0.7322  3.4628 0.0005  1.1004  3.9708
studytime_3               3.9456   0.8238  4.7897 0.0000  2.3310  5.5601
studytime_4               3.8550   0.9668  3.9874 0.0001  1.9601  5.7498
failures_0                1.8644   0.6743  2.7647 0.0057  0.5427  3.1861
failures_1                1.0181   0.7539  1.3504 0.1769 -0.4596  2.4958
failures_2               -0.9913   0.9618 -1.0307 0.3027 -2.8763  0.8937
failures_3                0.3638   1.0504  0.3463 0.7291 -1.6949  2.4225
schoolsup_0              -1.2551   0.6962 -1.8029 0.0714 -2.6197  0.1094
schoolsup_1              -1.4053   0.7939 -1.7701 0.0767 -2.9613  0.1508
famsup_0                  0.3681   0.6890  0.5343 0.5931 -0.9824  1.7187
famsup_1                  0.0144   0.6610  0.0218 0.9826 -1.2811  1.3099
paid_0                    0.9568   0.6578  1.4546 0.1458 -0.3324  2.2459
paid_1                    1.3024   0.6589  1.9766 0.0481  0.0110  2.5939
activities_0              0.6156   0.6409  0.9605 0.3368 -0.6406  1.8718
activities_1              0.7349   0.6404  1.1477 0.2511 -0.5201  1.9900
nursery_0                -0.2356   0.8382 -0.2810 0.7787 -1.8783  1.4072
nursery_1                -0.6898   0.8042 -0.8577 0.3910 -2.2660  0.8864
========================================================================
